{
 "cells": [
  {
   "cell_type": "markdown",
   "metadata": {},
   "source": [
    "# Value Iteration in a grid world"
   ]
  },
  {
   "cell_type": "markdown",
   "metadata": {},
   "source": [
    "### Import necessary libraries"
   ]
  },
  {
   "cell_type": "code",
   "execution_count": 13,
   "metadata": {},
   "outputs": [],
   "source": [
    "import numpy as np\n",
    "import json, operator"
   ]
  },
  {
   "cell_type": "markdown",
   "metadata": {},
   "source": [
    "### Set default parameters and initialize variables"
   ]
  },
  {
   "cell_type": "code",
   "execution_count": 14,
   "metadata": {},
   "outputs": [],
   "source": [
    "size_x = 4\n",
    "size_y = 3\n",
    "step_cost = -0.04\n",
    "gamma = 0.5\n",
    "prob_success = 0.8\n",
    "convergence = 1\n",
    "prob_fail = (1 - prob_success) / 2\n",
    "world_print = [[0 for x in range(size_x)] for y in range(size_y)] \n",
    "world_access = [[0 for x in range(size_x)] for y in range(size_y)]  \n",
    "world_reward = [[0 for x in range(size_x)] for y in range(size_y)]"
   ]
  },
  {
   "cell_type": "markdown",
   "metadata": {},
   "source": [
    "### Helpfunctions for printing the world"
   ]
  },
  {
   "cell_type": "code",
   "execution_count": 3,
   "metadata": {},
   "outputs": [],
   "source": [
    "def printRow(arr,y,length):\n",
    "    print(\"|\",end=\"\")\n",
    "    for elem in arr[y]:\n",
    "        print(str(elem).center(length),end=\"\")\n",
    "        print(\"|\",end=\"\")\n",
    "    print(end=\"\\n\")\n",
    "    \n",
    "\n",
    "def printSpace(width, length):\n",
    "    print(\"+\"+str(\"\").center(length,\"-\")+\"+\",end=\"\")\n",
    "    for w in range(width-2):\n",
    "        print(str(\"\").center(length,\"-\")+\"+\",end=\"\")\n",
    "    print(str(\"\").center(length,\"-\")+\"+\")\n",
    "    \n",
    "    \n",
    "def printWorld(world):\n",
    "    i=0\n",
    "    for h in range(len(world)*2+1):\n",
    "        if(h%2==1):\n",
    "            printRow(world,i,len(world[0]))\n",
    "            i+=1\n",
    "        else:\n",
    "            printSpace(len(world[0]), len(world[0]))"
   ]
  },
  {
   "cell_type": "markdown",
   "metadata": {},
   "source": [
    "### Import grid world information from JSON file"
   ]
  },
  {
   "cell_type": "code",
   "execution_count": 4,
   "metadata": {
    "scrolled": false
   },
   "outputs": [
    {
     "name": "stdout",
     "output_type": "stream",
     "text": [
      "JSON file content\n",
      "{'world': [{'row': [{'cell': ['_', 0, 0]}, {'cell': ['_', 0, 0]}, {'cell': ['_', 0, 0]}, {'cell': ['G', 1, 1]}]}, {'row': [{'cell': ['_', 0, 0]}, {'cell': ['#', -1, 0]}, {'cell': ['_', 0, 0]}, {'cell': ['T', 1, -1]}]}, {'row': [{'cell': ['_', 0, 0]}, {'cell': ['_', 0, 0]}, {'cell': ['_', 0, 0]}, {'cell': ['_', 0, 0]}]}]}\n"
     ]
    }
   ],
   "source": [
    "def readJson():\n",
    "    with open('world.json') as json_data:\n",
    "        d = json.load(json_data)\n",
    "        print(\"JSON file content\")\n",
    "        print(d)\n",
    "        return d\n",
    "       \n",
    "        \n",
    "json_data = readJson() "
   ]
  },
  {
   "cell_type": "markdown",
   "metadata": {},
   "source": [
    "### Distribute grid world information to corresponding variables"
   ]
  },
  {
   "cell_type": "code",
   "execution_count": 5,
   "metadata": {},
   "outputs": [
    {
     "name": "stdout",
     "output_type": "stream",
     "text": [
      "World\n",
      "+----+----+----+----+\n",
      "| _  | _  | _  | G  |\n",
      "+----+----+----+----+\n",
      "| _  | #  | _  | T  |\n",
      "+----+----+----+----+\n",
      "| _  | _  | _  | _  |\n",
      "+----+----+----+----+\n",
      "Accessibility\n",
      "+----+----+----+----+\n",
      "| 0  | 0  | 0  | 1  |\n",
      "+----+----+----+----+\n",
      "| 0  | -1 | 0  | 1  |\n",
      "+----+----+----+----+\n",
      "| 0  | 0  | 0  | 0  |\n",
      "+----+----+----+----+\n",
      "Default rewards\n",
      "+----+----+----+----+\n",
      "| 0  | 0  | 0  | 1  |\n",
      "+----+----+----+----+\n",
      "| 0  | 0  | 0  | -1 |\n",
      "+----+----+----+----+\n",
      "| 0  | 0  | 0  | 0  |\n",
      "+----+----+----+----+\n"
     ]
    }
   ],
   "source": [
    "def initializeWorld(json_data):\n",
    "    global world_print\n",
    "    global world_access\n",
    "    global world_reward\n",
    "    i = 0\n",
    "    for row in json_data['world']:\n",
    "        j = 0\n",
    "        for cell in row['row']:\n",
    "            world_print[i][j]= cell['cell'][0]\n",
    "            world_access[i][j]= cell['cell'][1]\n",
    "            world_reward[i][j]= cell['cell'][2]\n",
    "            j=j+1\n",
    "        i=i+1\n",
    "        \n",
    "\n",
    "initializeWorld(json_data)\n",
    "print(\"World\")    \n",
    "printWorld(world_print)\n",
    "print(\"Accessibility\")\n",
    "printWorld(world_access)\n",
    "print(\"Default rewards\")\n",
    "printWorld(world_reward)"
   ]
  },
  {
   "cell_type": "markdown",
   "metadata": {
    "collapsed": true
   },
   "source": [
    "### Calculation methods for all possible steps"
   ]
  },
  {
   "cell_type": "code",
   "execution_count": 6,
   "metadata": {},
   "outputs": [],
   "source": [
    "def up(y_coord, x_coord):\n",
    "    global world_access\n",
    "    global world_reward\n",
    "    \n",
    "    if(y_coord == 0 or world_access[y_coord - 1][x_coord] < 0):\n",
    "        return world_reward[y_coord][x_coord]\n",
    "    return world_reward[y_coord -1][x_coord]\n",
    "    \n",
    "def down(y_coord, x_coord):\n",
    "    global world_access\n",
    "    global world_reward\n",
    "    \n",
    "    if(y_coord == size_y - 1 or world_access[y_coord + 1][x_coord] < 0):\n",
    "        return world_reward[y_coord][x_coord]\n",
    "    return world_reward[y_coord + 1][x_coord]\n",
    "\n",
    "\n",
    "def left(y_coord, x_coord):\n",
    "    global world_access\n",
    "    global world_reward\n",
    "    \n",
    "    if(x_coord == 0 or world_access[y_coord][x_coord - 1] < 0):\n",
    "        return world_reward[y_coord][x_coord]\n",
    "    return world_reward[y_coord][x_coord - 1]\n",
    "\n",
    "\n",
    "def right(y_coord, x_coord):\n",
    "    global world_access\n",
    "    global world_reward\n",
    "    \n",
    "    if(x_coord == size_x - 1 or world_access[y_coord ][x_coord + 1] < 0):\n",
    "        return world_reward[y_coord][x_coord]\n",
    "    return world_reward[y_coord][x_coord + 1]"
   ]
  },
  {
   "cell_type": "markdown",
   "metadata": {
    "collapsed": true
   },
   "source": [
    "### Helpfunction to find the lowest value"
   ]
  },
  {
   "cell_type": "code",
   "execution_count": 7,
   "metadata": {},
   "outputs": [],
   "source": [
    "def getMinReward():\n",
    "    global world_reward\n",
    "    \n",
    "    rewards = []\n",
    "    for row in world_reward:\n",
    "        rewards.append(min(row))\n",
    "    return min(rewards)"
   ]
  },
  {
   "cell_type": "markdown",
   "metadata": {},
   "source": [
    "### Calculate one iteration step"
   ]
  },
  {
   "cell_type": "code",
   "execution_count": 8,
   "metadata": {},
   "outputs": [],
   "source": [
    "def calcStep():\n",
    "    global world_print\n",
    "    global world_access\n",
    "    global world_reward\n",
    "    \n",
    "    world_reward_new = []\n",
    "    world_reward_new = world_reward\n",
    "    rew={}\n",
    "    for i in range(len(world_reward_new)):\n",
    "        for j in range(len(world_reward_new[i])):\n",
    "            rew[\"^\"] = prob_success * up(i,j) + prob_fail * left(i,j) + prob_fail * right(i,j)\n",
    "            rew[\"<\"] = prob_success * left(i,j) + prob_fail * up(i,j) + prob_fail * down(i,j)\n",
    "            rew[\"v\"] = prob_success * down(i,j) + prob_fail * left(i,j) + prob_fail * right(i,j)\n",
    "            rew[\">\"] = prob_success * right(i,j) + prob_fail * up(i,j) + prob_fail * down(i,j)\n",
    "            print_symbol, max_value = max(rew.items(), key=operator.itemgetter(1))\n",
    "            world_print[i][j] = print_symbol\n",
    "            world_reward_new[i][j] = step_cost + gamma * max_value\n",
    "    world_reward = world_reward_new"
   ]
  },
  {
   "cell_type": "markdown",
   "metadata": {},
   "source": [
    "### Iterate until a suiting policy is found"
   ]
  },
  {
   "cell_type": "code",
   "execution_count": 15,
   "metadata": {},
   "outputs": [],
   "source": [
    "def valueIteration():\n",
    "    global world_print\n",
    "    global world_reward\n",
    "    global convergence\n",
    "    \n",
    "    #while(convergence > getMinReward()):\n",
    "    while(convergence < 100):\n",
    "        calcStep()\n",
    "        printWorld(world_reward)\n",
    "        print(\" \\n\")\n",
    "        convergence = convergence + 1\n",
    "    printWorld(world_print)"
   ]
  },
  {
   "cell_type": "code",
   "execution_count": 16,
   "metadata": {},
   "outputs": [
    {
     "name": "stdout",
     "output_type": "stream",
     "text": [
      "+----+----+----+----+\n",
      "|-0.04|-0.04|-0.04|-0.04|\n",
      "+----+----+----+----+\n",
      "|-0.04|-0.042|-0.042|-0.042|\n",
      "+----+----+----+----+\n",
      "|-0.04|-0.042|-0.0421|-0.0421|\n",
      "+----+----+----+----+\n",
      " \n",
      "\n",
      "+----+----+----+----+\n",
      "|-0.06|-0.0601|-0.0601|-0.0601|\n",
      "+----+----+----+----+\n",
      "|-0.0601|-0.061905|-0.06191000000000001|-0.06191000000000001|\n",
      "+----+----+----+----+\n",
      "|-0.0601|-0.06191000000000001|-0.0620405|-0.0620405|\n",
      "+----+----+----+----+\n",
      " \n",
      "\n",
      "+----+----+----+----+\n",
      "|-0.070005|-0.07014025|-0.07014050000000001|-0.07014050000000001|\n",
      "+----+----+----+----+\n",
      "|-0.07014025|-0.0713665125|-0.07137305000000001|-0.07137305000000001|\n",
      "+----+----+----+----+\n",
      "|-0.07014050000000001|-0.07137305000000001|-0.07148687749999999|-0.07148687749999999|\n",
      "+----+----+----+----+\n",
      " \n",
      "\n",
      "+----+----+----+----+\n",
      "|-0.07500926249999999|-0.07513153812500001|-0.0751318775|-0.0751318775|\n",
      "+----+----+----+----+\n",
      "|-0.07513153812500001|-0.07587444940625|-0.07588015775000001|-0.07588015775000001|\n",
      "+----+----+----+----+\n",
      "|-0.0751318775|-0.07588015775000001|-0.0759631027625|-0.0759631027625|\n",
      "+----+----+----+----+\n",
      " \n",
      "\n",
      "+----+----+----+----+\n",
      "|-0.07751074503125|-0.07760305037656251|-0.0776033527625|-0.0776033527625|\n",
      "+----+----+----+----+\n",
      "|-0.07760305037656251|-0.07802622350632812|-0.07803038587625001|-0.07803038587625001|\n",
      "+----+----+----+----+\n",
      "|-0.0776033527625|-0.07803038587625001|-0.0780849155369375|-0.0780849155369375|\n",
      "+----+----+----+----+\n",
      " \n",
      "\n",
      "+----+----+----+----+\n",
      "|-0.07875998778289062|-0.07882280479914452|-0.0788230280369375|-0.0788230280369375|\n",
      "+----+----+----+----+\n",
      "|-0.07882280479914452|-0.07905481388426974|-0.07905755152919375|-0.07905755152919375|\n",
      "+----+----+----+----+\n",
      "|-0.0788230280369375|-0.07905755152919375|-0.07909108956808156|-0.07909108956808156|\n",
      "+----+----+----+----+\n",
      " \n",
      "\n",
      "+----+----+----+----+\n",
      "|-0.079383134742258|-0.07942309214894572|-0.07942324019308156|-0.07942324019308156|\n",
      "+----+----+----+----+\n",
      "|-0.07942309214894572|-0.07954705279558447|-0.07954873709973566|-0.07954873709973566|\n",
      "+----+----+----+----+\n",
      "|-0.07942324019308156|-0.07954873709973566|-0.07956842716062348|-0.07956842716062348|\n",
      "+----+----+----+----+\n",
      " \n",
      "\n",
      "+----+----+----+----+\n",
      "|-0.07969356524146338|-0.07971780332445913|-0.07971789494187348|-0.07971789494187348|\n",
      "+----+----+----+----+\n",
      "|-0.07971780332445913|-0.079782821861104|-0.0797838109450191|-0.0797838109450191|\n",
      "+----+----+----+----+\n",
      "|-0.07971789494187348|-0.0797838109450191|-0.07979498276953154|-0.07979498276953154|\n",
      "+----+----+----+----+\n",
      " \n",
      "\n",
      "+----+----+----+----+\n",
      "|-0.07984799452488148|-0.07986218923602756|-0.07986224327109404|-0.07986224327109404|\n",
      "+----+----+----+----+\n",
      "|-0.07986218923602756|-0.07989582438705997|-0.07989638568003893|-0.07989638568003893|\n",
      "+----+----+----+----+\n",
      "|-0.07986224327109404|-0.07989638568003893|-0.07990256153029114|-0.07990256153029114|\n",
      "+----+----+----+----+\n",
      " \n",
      "\n",
      "+----+----+----+----+\n",
      "|-0.07992470699799804|-0.07993279798959199|-0.07993282875599425|-0.07993282875599425|\n",
      "+----+----+----+----+\n",
      "|-0.07993279798959199|-0.07995001345549711|-0.07995032378632985|-0.07995032378632985|\n",
      "+----+----+----+----+\n",
      "|-0.07993282875599425|-0.07995032378632985|-0.07995366887794751|-0.07995366887794751|\n",
      "+----+----+----+----+\n",
      " \n",
      "\n",
      "+----+----+----+----+\n",
      "|-0.07996275804857872|-0.07996727207465215|-0.07996728912951391|-0.07996728912951391|\n",
      "+----+----+----+----+\n",
      "|-0.07996727207465215|-0.07997600930758104|-0.07997617741490501|-0.07997617741490501|\n",
      "+----+----+----+----+\n",
      "|-0.07996728912951391|-0.07997617741490501|-0.07997795986582162|-0.07997795986582162|\n",
      "+----+----+----+----+\n",
      " \n",
      "\n",
      "+----+----+----+----+\n",
      "|-0.07998160472559304|-0.07998407972091723|-0.07998408897902651|-0.07998408897902651|\n",
      "+----+----+----+----+\n",
      "|-0.07998407972091723|-0.07998848382275311|-0.07998857340820442|-0.07998857340820442|\n",
      "+----+----+----+----+\n",
      "|-0.07998408897902651|-0.07998857340820442|-0.07998951061002996|-0.07998951061002996|\n",
      "+----+----+----+----+\n",
      " \n",
      "\n",
      "+----+----+----+----+\n",
      "|-0.07999092611256273|-0.07999226376879412|-0.07999226871097215|-0.07999226871097215|\n",
      "+----+----+----+----+\n",
      "|-0.07999226376879412|-0.0799944712221317|-0.07999451832933188|-0.07999451832933188|\n",
      "+----+----+----+----+\n",
      "|-0.07999226871097215|-0.07999451832933188|-0.07999500569098009|-0.07999500569098009|\n",
      "+----+----+----+----+\n",
      " \n",
      "\n",
      "+----+----+----+----+\n",
      "|-0.07999552993909292|-0.07999624423393514|-0.07999624683640405|-0.07999624683640405|\n",
      "+----+----+----+----+\n",
      "|-0.07999624423393514|-0.0799973454598961|-0.07999736995810197|-0.07999736995810197|\n",
      "+----+----+----+----+\n",
      "|-0.07999624683640405|-0.07999736995810197|-0.07999762105884614|-0.07999762105884614|\n",
      "+----+----+----+----+\n",
      " \n",
      "\n",
      "+----+----+----+----+\n",
      "|-0.07999780068428858|-0.07999817821925317|-0.07999817957428693|-0.07999817957428693|\n",
      "+----+----+----+----+\n",
      "|-0.07999817821925317|-0.07999872539210853|-0.07999873801489744|-0.07999873801489744|\n",
      "+----+----+----+----+\n",
      "|-0.07999817957428693|-0.07999873801489744|-0.07999886637722564|-0.07999886637722564|\n",
      "+----+----+----+----+\n",
      " \n",
      "\n",
      "+----+----+----+----+\n",
      "|-0.07999891921889252|-0.07999911701028285|-0.07999911770917399|-0.07999911770917399|\n",
      "+----+----+----+----+\n",
      "|-0.07999911701028285|-0.079999387957218|-0.07999939441027897|-0.07999939441027897|\n",
      "+----+----+----+----+\n",
      "|-0.07999911770917399|-0.07999939441027897|-0.0799994595902655|-0.0799994595902655|\n",
      "+----+----+----+----+\n",
      " \n",
      "\n",
      "+----+----+----+----+\n",
      "|-0.07999946949901579|-0.07999957233204463|-0.07999957268964225|-0.07999957268964225|\n",
      "+----+----+----+----+\n",
      "|-0.07999957233204463|-0.07999970610122777|-0.07999970937810698|-0.07999970937810698|\n",
      "+----+----+----+----+\n",
      "|-0.07999957268964225|-0.07999970937810698|-0.07999974228452483|-0.07999974228452483|\n",
      "+----+----+----+----+\n",
      " \n",
      "\n",
      "+----+----+----+----+\n",
      "|-0.07999973989115934|-0.07999979299752052|-0.07999979317924437|-0.07999979317924437|\n",
      "+----+----+----+----+\n",
      "|-0.07999979299752052|-0.07999985887002417|-0.07999986052443125|-0.07999986052443125|\n",
      "+----+----+----+----+\n",
      "|-0.07999979317924437|-0.07999986052443125|-0.07999987705425773|-0.07999987705425773|\n",
      "+----+----+----+----+\n",
      " \n",
      "\n",
      "+----+----+----+----+\n",
      "|-0.07999987260089772|-0.07999989986507498|-0.07999989995688153|-0.07999989995688153|\n",
      "+----+----+----+----+\n",
      "|-0.07999989986507498|-0.07999993222924781|-0.07999993306032946|-0.07999993306032946|\n",
      "+----+----+----+----+\n",
      "|-0.07999989995688153|-0.07999993306032946|-0.07999994132743246|-0.07999994132743246|\n",
      "+----+----+----+----+\n",
      " \n",
      "\n",
      "+----+----+----+----+\n",
      "|-0.07999993766365773|-0.07999995158746875|-0.07999995163361318|-0.07999995163361318|\n",
      "+----+----+----+----+\n",
      "|-0.07999995158746875|-0.07999996745652169|-0.07999996787218407|-0.07999996787218407|\n",
      "+----+----+----+----+\n",
      "|-0.07999995163361318|-0.07999996787218407|-0.07999997199095382|-0.07999997199095382|\n",
      "+----+----+----+----+\n",
      " \n",
      "\n",
      "+----+----+----+----+\n",
      "|-0.07999996952801941|-0.07999997660564478|-0.07999997662873515|-0.07999997662873515|\n",
      "+----+----+----+----+\n",
      "|-0.07999997660564478|-0.07999998437276507|-0.07999998457985807|-0.07999998457985807|\n",
      "+----+----+----+----+\n",
      "|-0.07999997662873515|-0.07999998457985807|-0.07999998662492214|-0.07999998662492214|\n",
      "+----+----+----+----+\n",
      " \n",
      "\n",
      "+----+----+----+----+\n",
      "|-0.07999998511789097|-0.07999998870041455|-0.07999998871192372|-0.07999998871192372|\n",
      "+----+----+----+----+\n",
      "|-0.07999998870041455|-0.07999999249595686|-0.07999999259878553|-0.07999999259878553|\n",
      "+----+----+----+----+\n",
      "|-0.07999998871192372|-0.07999999259878553|-0.07999999361115423|-0.07999999361115423|\n",
      "+----+----+----+----+\n",
      " \n",
      "\n",
      "+----+----+----+----+\n",
      "|-0.07999999273807165|-0.07999999454458806|-0.07999999455030496|-0.07999999455030496|\n",
      "+----+----+----+----+\n",
      "|-0.07999999454458806|-0.0799999963966829|-0.07999999644758718|-0.07999999644758718|\n",
      "+----+----+----+----+\n",
      "|-0.07999999455030496|-0.07999999644758718|-0.07999999694739876|-0.07999999694739876|\n",
      "+----+----+----+----+\n",
      " \n",
      "\n",
      "+----+----+----+----+\n",
      "|-0.07999999645936165|-0.07999999736718554|-0.07999999737001659|-0.07999999737001659|\n",
      "+----+----+----+----+\n",
      "|-0.07999999736718554|-0.0799999982697735|-0.07999999829490564|-0.07999999829490564|\n",
      "+----+----+----+----+\n",
      "|-0.07999999737001659|-0.07999999829490564|-0.07999999854107473|-0.07999999854107473|\n",
      "+----+----+----+----+\n",
      " \n",
      "\n",
      "+----+----+----+----+\n",
      "|-0.07999999827507201|-0.07999999872912864|-0.07999999873125276|-0.07999999873125276|\n",
      "+----+----+----+----+\n",
      "|-0.07999999872912864|-0.07999999916916398|-0.07999999918157863|-0.07999999918157863|\n",
      "+----+----+----+----+\n",
      "|-0.07999999873125276|-0.07999999918157863|-0.07999999930256256|-0.07999999930256256|\n",
      "+----+----+----+----+\n",
      " \n",
      "\n",
      "+----+----+----+----+\n",
      "|-0.07999999916023884|-0.07999999938622604|-0.07999999938814267|-0.07999999938814267|\n",
      "+----+----+----+----+\n",
      "|-0.07999999938622604|-0.07999999960102169|-0.07999999960716672|-0.07999999960716672|\n",
      "+----+----+----+----+\n",
      "|-0.07999999938814267|-0.07999999960716672|-0.07999999966651149|-0.07999999966651149|\n",
      "+----+----+----+----+\n",
      " \n",
      "\n",
      "+----+----+----+----+\n",
      "|-0.07999999959141879|-0.0799999997034685|-0.07999999970502254|-0.07999999970502254|\n",
      "+----+----+----+----+\n",
      "|-0.0799999997034685|-0.07999999980839845|-0.07999999981144339|-0.07999999981144339|\n",
      "+----+----+----+----+\n",
      "|-0.07999999970502254|-0.07999999981144339|-0.07999999984050234|-0.07999999984050234|\n",
      "+----+----+----+----+\n",
      " \n",
      "\n",
      "+----+----+----+----+\n",
      "|-0.07999999980131188|-0.07999999985670413|-0.07999999985783232|-0.07999999985783232|\n",
      "+----+----+----+----+\n",
      "|-0.07999999985670413|-0.07999999990798473|-0.07999999990949408|-0.07999999990949408|\n",
      "+----+----+----+----+\n",
      "|-0.07999999985783232|-0.07999999990949408|-0.07999999992370077|-0.07999999992370077|\n",
      "+----+----+----+----+\n",
      " \n",
      "\n",
      "+----+----+----+----+\n",
      "|-0.07999999990342556|-0.07999999993074454|-0.07999999993149925|-0.07999999993149925|\n",
      "+----+----+----+----+\n",
      "|-0.07999999993074454|-0.07999999995580956|-0.07999999995655763|-0.07999999995655763|\n",
      "+----+----+----+----+\n",
      "|-0.07999999993149925|-0.07999999995655763|-0.07999999996349322|-0.07999999996349322|\n",
      "+----+----+----+----+\n",
      " \n",
      "\n",
      "+----+----+----+----+\n",
      "|-0.07999999995307873|-0.07999999996652671|-0.07999999996700255|-0.07999999996700255|\n",
      "+----+----+----+----+\n",
      "|-0.07999999996652671|-0.07999999997877727|-0.07999999997914783|-0.07999999997914783|\n",
      "+----+----+----+----+\n",
      "|-0.07999999996700255|-0.07999999997914783|-0.07999999998252934|-0.07999999998252934|\n",
      "+----+----+----+----+\n",
      " \n",
      "\n",
      "+----+----+----+----+\n",
      "|-0.07999999997721177|-0.0799999999838214|-0.07999999998410855|-0.07999999998410855|\n",
      "+----+----+----+----+\n",
      "|-0.0799999999838214|-0.0799999999898076|-0.07999999998999102|-0.07999999998999102|\n",
      "+----+----+----+----+\n",
      "|-0.07999999998410855|-0.07999999998999102|-0.07999999999163776|-0.07999999999163776|\n",
      "+----+----+----+----+\n",
      " \n",
      "\n",
      "+----+----+----+----+\n",
      "|-0.07999999998893637|-0.0799999999921808|-0.07999999999234839|-0.07999999999234839|\n",
      "+----+----+----+----+\n",
      "|-0.0799999999921808|-0.079999999995105|-0.07999999999519572|-0.07999999999519572|\n",
      "+----+----+----+----+\n",
      "|-0.07999999999234839|-0.07999999999519572|-0.07999999999599677|-0.07999999999599677|\n",
      "+----+----+----+----+\n",
      " \n",
      "\n",
      "+----+----+----+----+\n",
      "|-0.0799999999946304|-0.07999999999622126|-0.07999999999631657|-0.07999999999631657|\n",
      "+----+----+----+----+\n",
      "|-0.07999999999622126|-0.07999999999764915|-0.07999999999769396|-0.07999999999769396|\n",
      "+----+----+----+----+\n",
      "|-0.07999999999631657|-0.07999999999769396|-0.07999999999808324|-0.07999999999808324|\n",
      "+----+----+----+----+\n",
      " \n",
      "\n",
      "+----+----+----+----+\n",
      "|-0.07999999999739474|-0.07999999999817409|-0.07999999999822716|-0.07999999999822716|\n",
      "+----+----+----+----+\n",
      "|-0.07999999999817409|-0.07999999999887099|-0.07999999999889311|-0.07999999999889311|\n",
      "+----+----+----+----+\n",
      "|-0.07999999999822716|-0.07999999999889311|-0.07999999999908211|-0.07999999999908211|\n",
      "+----+----+----+----+\n",
      " \n",
      "\n",
      "+----+----+----+----+\n",
      "|-0.07999999999873633|-0.0799999999991178|-0.07999999999914688|-0.07999999999914688|\n",
      "+----+----+----+----+\n",
      "|-0.0799999999991178|-0.07999999999945778|-0.07999999999946869|-0.07999999999946869|\n",
      "+----+----+----+----+\n",
      "|-0.07999999999914688|-0.07999999999946869|-0.07999999999956038|-0.07999999999956038|\n",
      "+----+----+----+----+\n",
      " \n",
      "\n",
      "+----+----+----+----+\n",
      "|-0.07999999999938726|-0.07999999999957383|-0.07999999999958954|-0.07999999999958954|\n",
      "+----+----+----+----+\n",
      "|-0.07999999999957383|-0.0799999999997396|-0.07999999999974497|-0.07999999999974497|\n",
      "+----+----+----+----+\n",
      "|-0.07999999999958954|-0.07999999999974497|-0.07999999999978943|-0.07999999999978943|\n",
      "+----+----+----+----+\n",
      " \n",
      "\n",
      "+----+----+----+----+\n",
      "|-0.07999999999970295|-0.07999999999979415|-0.07999999999980255|-0.07999999999980255|\n",
      "+----+----+----+----+\n",
      "|-0.07999999999979415|-0.07999999999987495|-0.07999999999987759|-0.07999999999987759|\n",
      "+----+----+----+----+\n",
      "|-0.07999999999980255|-0.07999999999987759|-0.07999999999989912|-0.07999999999989912|\n",
      "+----+----+----+----+\n",
      " \n",
      "\n",
      "+----+----+----+----+\n",
      "|-0.07999999999985603|-0.0799999999999006|-0.07999999999990504|-0.07999999999990504|\n",
      "+----+----+----+----+\n",
      "|-0.0799999999999006|-0.07999999999993994|-0.07999999999994123|-0.07999999999994123|\n",
      "+----+----+----+----+\n",
      "|-0.07999999999990504|-0.07999999999994123|-0.07999999999995167|-0.07999999999995167|\n",
      "+----+----+----+----+\n",
      " \n",
      "\n",
      "+----+----+----+----+\n",
      "|-0.07999999999993024|-0.079999999999952|-0.07999999999995433|-0.07999999999995433|\n",
      "+----+----+----+----+\n",
      "|-0.079999999999952|-0.07999999999997115|-0.07999999999997179|-0.07999999999997179|\n",
      "+----+----+----+----+\n",
      "|-0.07999999999995433|-0.07999999999997179|-0.07999999999997684|-0.07999999999997684|\n",
      "+----+----+----+----+\n",
      " \n",
      "\n",
      "+----+----+----+----+\n",
      "|-0.07999999999996621|-0.07999999999997683|-0.07999999999997803|-0.07999999999997803|\n",
      "+----+----+----+----+\n",
      "|-0.07999999999997683|-0.07999999999998614|-0.07999999999998647|-0.07999999999998647|\n",
      "+----+----+----+----+\n",
      "|-0.07999999999997803|-0.07999999999998647|-0.07999999999998891|-0.07999999999998891|\n",
      "+----+----+----+----+\n",
      " \n",
      "\n",
      "+----+----+----+----+\n",
      "|-0.07999999999998364|-0.07999999999998882|-0.07999999999998944|-0.07999999999998944|\n",
      "+----+----+----+----+\n",
      "|-0.07999999999998882|-0.07999999999999335|-0.07999999999999349|-0.07999999999999349|\n",
      "+----+----+----+----+\n",
      "|-0.07999999999998944|-0.07999999999999349|-0.07999999999999469|-0.07999999999999469|\n",
      "+----+----+----+----+\n",
      " \n",
      "\n",
      "+----+----+----+----+\n",
      "|-0.07999999999999208|-0.0799999999999946|-0.07999999999999491|-0.07999999999999491|\n",
      "+----+----+----+----+\n",
      "|-0.0799999999999946|-0.0799999999999968|-0.07999999999999688|-0.07999999999999688|\n",
      "+----+----+----+----+\n",
      "|-0.07999999999999491|-0.07999999999999688|-0.07999999999999746|-0.07999999999999746|\n",
      "+----+----+----+----+\n",
      " \n",
      "\n",
      "+----+----+----+----+\n",
      "|-0.07999999999999616|-0.0799999999999974|-0.07999999999999756|-0.07999999999999756|\n",
      "+----+----+----+----+\n",
      "|-0.0799999999999974|-0.07999999999999846|-0.0799999999999985|-0.0799999999999985|\n",
      "+----+----+----+----+\n",
      "|-0.07999999999999756|-0.0799999999999985|-0.0799999999999988|-0.0799999999999988|\n",
      "+----+----+----+----+\n",
      " \n",
      "\n",
      "+----+----+----+----+\n",
      "|-0.07999999999999816|-0.07999999999999875|-0.07999999999999882|-0.07999999999999882|\n",
      "+----+----+----+----+\n",
      "|-0.07999999999999875|-0.07999999999999927|-0.0799999999999993|-0.0799999999999993|\n",
      "+----+----+----+----+\n",
      "|-0.07999999999999882|-0.0799999999999993|-0.07999999999999943|-0.07999999999999943|\n",
      "+----+----+----+----+\n",
      " \n",
      "\n",
      "+----+----+----+----+\n",
      "|-0.0799999999999991|-0.0799999999999994|-0.07999999999999943|-0.07999999999999943|\n",
      "+----+----+----+----+\n",
      "|-0.0799999999999994|-0.07999999999999965|-0.07999999999999965|-0.07999999999999965|\n",
      "+----+----+----+----+\n",
      "|-0.07999999999999943|-0.07999999999999965|-0.07999999999999972|-0.07999999999999972|\n",
      "+----+----+----+----+\n",
      " \n",
      "\n",
      "+----+----+----+----+\n",
      "|-0.07999999999999957|-0.07999999999999971|-0.07999999999999972|-0.07999999999999972|\n",
      "+----+----+----+----+\n",
      "|-0.07999999999999971|-0.07999999999999982|-0.07999999999999982|-0.07999999999999982|\n",
      "+----+----+----+----+\n",
      "|-0.07999999999999972|-0.07999999999999982|-0.07999999999999986|-0.07999999999999986|\n",
      "+----+----+----+----+\n",
      " \n",
      "\n",
      "+----+----+----+----+\n",
      "|-0.0799999999999998|-0.07999999999999985|-0.07999999999999986|-0.07999999999999986|\n",
      "+----+----+----+----+\n",
      "|-0.07999999999999985|-0.0799999999999999|-0.0799999999999999|-0.0799999999999999|\n",
      "+----+----+----+----+\n",
      "|-0.07999999999999986|-0.0799999999999999|-0.07999999999999993|-0.07999999999999993|\n",
      "+----+----+----+----+\n",
      " \n",
      "\n",
      "+----+----+----+----+\n",
      "|-0.0799999999999999|-0.07999999999999993|-0.07999999999999993|-0.07999999999999993|\n",
      "+----+----+----+----+\n",
      "|-0.07999999999999993|-0.07999999999999996|-0.07999999999999996|-0.07999999999999996|\n",
      "+----+----+----+----+\n",
      "|-0.07999999999999993|-0.07999999999999996|-0.07999999999999996|-0.07999999999999996|\n",
      "+----+----+----+----+\n",
      " \n",
      "\n",
      "+----+----+----+----+\n",
      "|-0.07999999999999996|-0.07999999999999996|-0.07999999999999996|-0.07999999999999996|\n",
      "+----+----+----+----+\n",
      "|-0.07999999999999996|-0.07999999999999999|-0.07999999999999999|-0.07999999999999999|\n",
      "+----+----+----+----+\n",
      "|-0.07999999999999996|-0.07999999999999999|-0.07999999999999999|-0.07999999999999999|\n",
      "+----+----+----+----+\n",
      " \n",
      "\n",
      "+----+----+----+----+\n",
      "|-0.07999999999999999|-0.07999999999999999|-0.07999999999999999|-0.07999999999999999|\n",
      "+----+----+----+----+\n",
      "|-0.07999999999999999|-0.07999999999999999|-0.07999999999999999|-0.07999999999999999|\n",
      "+----+----+----+----+\n",
      "|-0.07999999999999999|-0.07999999999999999|-0.07999999999999999|-0.07999999999999999|\n",
      "+----+----+----+----+\n",
      " \n",
      "\n",
      "+----+----+----+----+\n",
      "|-0.07999999999999999|-0.07999999999999999|-0.07999999999999999|-0.07999999999999999|\n",
      "+----+----+----+----+\n",
      "|-0.07999999999999999|-0.07999999999999999|-0.07999999999999999|-0.07999999999999999|\n",
      "+----+----+----+----+\n",
      "|-0.07999999999999999|-0.07999999999999999|-0.07999999999999999|-0.07999999999999999|\n",
      "+----+----+----+----+\n",
      " \n",
      "\n",
      "+----+----+----+----+\n",
      "|-0.07999999999999999|-0.07999999999999999|-0.07999999999999999|-0.07999999999999999|\n",
      "+----+----+----+----+\n",
      "|-0.07999999999999999|-0.07999999999999999|-0.07999999999999999|-0.07999999999999999|\n",
      "+----+----+----+----+\n",
      "|-0.07999999999999999|-0.07999999999999999|-0.07999999999999999|-0.07999999999999999|\n",
      "+----+----+----+----+\n",
      " \n",
      "\n",
      "+----+----+----+----+\n",
      "|-0.07999999999999999|-0.07999999999999999|-0.07999999999999999|-0.07999999999999999|\n",
      "+----+----+----+----+\n",
      "|-0.07999999999999999|-0.07999999999999999|-0.07999999999999999|-0.07999999999999999|\n",
      "+----+----+----+----+\n",
      "|-0.07999999999999999|-0.07999999999999999|-0.07999999999999999|-0.07999999999999999|\n",
      "+----+----+----+----+\n",
      " \n",
      "\n",
      "+----+----+----+----+\n",
      "|-0.07999999999999999|-0.07999999999999999|-0.07999999999999999|-0.07999999999999999|\n",
      "+----+----+----+----+\n",
      "|-0.07999999999999999|-0.07999999999999999|-0.07999999999999999|-0.07999999999999999|\n",
      "+----+----+----+----+\n",
      "|-0.07999999999999999|-0.07999999999999999|-0.07999999999999999|-0.07999999999999999|\n",
      "+----+----+----+----+\n",
      " \n",
      "\n",
      "+----+----+----+----+\n",
      "|-0.07999999999999999|-0.07999999999999999|-0.07999999999999999|-0.07999999999999999|\n",
      "+----+----+----+----+\n",
      "|-0.07999999999999999|-0.07999999999999999|-0.07999999999999999|-0.07999999999999999|\n",
      "+----+----+----+----+\n",
      "|-0.07999999999999999|-0.07999999999999999|-0.07999999999999999|-0.07999999999999999|\n",
      "+----+----+----+----+\n",
      " \n",
      "\n",
      "+----+----+----+----+\n",
      "|-0.07999999999999999|-0.07999999999999999|-0.07999999999999999|-0.07999999999999999|\n",
      "+----+----+----+----+\n",
      "|-0.07999999999999999|-0.07999999999999999|-0.07999999999999999|-0.07999999999999999|\n",
      "+----+----+----+----+\n",
      "|-0.07999999999999999|-0.07999999999999999|-0.07999999999999999|-0.07999999999999999|\n",
      "+----+----+----+----+\n",
      " \n",
      "\n",
      "+----+----+----+----+\n",
      "|-0.07999999999999999|-0.07999999999999999|-0.07999999999999999|-0.07999999999999999|\n",
      "+----+----+----+----+\n",
      "|-0.07999999999999999|-0.07999999999999999|-0.07999999999999999|-0.07999999999999999|\n",
      "+----+----+----+----+\n",
      "|-0.07999999999999999|-0.07999999999999999|-0.07999999999999999|-0.07999999999999999|\n",
      "+----+----+----+----+\n",
      " \n",
      "\n",
      "+----+----+----+----+\n",
      "|-0.07999999999999999|-0.07999999999999999|-0.07999999999999999|-0.07999999999999999|\n",
      "+----+----+----+----+\n",
      "|-0.07999999999999999|-0.07999999999999999|-0.07999999999999999|-0.07999999999999999|\n",
      "+----+----+----+----+\n",
      "|-0.07999999999999999|-0.07999999999999999|-0.07999999999999999|-0.07999999999999999|\n",
      "+----+----+----+----+\n",
      " \n",
      "\n",
      "+----+----+----+----+\n",
      "|-0.07999999999999999|-0.07999999999999999|-0.07999999999999999|-0.07999999999999999|\n",
      "+----+----+----+----+\n",
      "|-0.07999999999999999|-0.07999999999999999|-0.07999999999999999|-0.07999999999999999|\n",
      "+----+----+----+----+\n",
      "|-0.07999999999999999|-0.07999999999999999|-0.07999999999999999|-0.07999999999999999|\n",
      "+----+----+----+----+\n",
      " \n",
      "\n",
      "+----+----+----+----+\n",
      "|-0.07999999999999999|-0.07999999999999999|-0.07999999999999999|-0.07999999999999999|\n",
      "+----+----+----+----+\n",
      "|-0.07999999999999999|-0.07999999999999999|-0.07999999999999999|-0.07999999999999999|\n",
      "+----+----+----+----+\n",
      "|-0.07999999999999999|-0.07999999999999999|-0.07999999999999999|-0.07999999999999999|\n",
      "+----+----+----+----+\n",
      " \n",
      "\n",
      "+----+----+----+----+\n",
      "|-0.07999999999999999|-0.07999999999999999|-0.07999999999999999|-0.07999999999999999|\n",
      "+----+----+----+----+\n",
      "|-0.07999999999999999|-0.07999999999999999|-0.07999999999999999|-0.07999999999999999|\n",
      "+----+----+----+----+\n",
      "|-0.07999999999999999|-0.07999999999999999|-0.07999999999999999|-0.07999999999999999|\n",
      "+----+----+----+----+\n",
      " \n",
      "\n",
      "+----+----+----+----+\n",
      "|-0.07999999999999999|-0.07999999999999999|-0.07999999999999999|-0.07999999999999999|\n",
      "+----+----+----+----+\n",
      "|-0.07999999999999999|-0.07999999999999999|-0.07999999999999999|-0.07999999999999999|\n",
      "+----+----+----+----+\n",
      "|-0.07999999999999999|-0.07999999999999999|-0.07999999999999999|-0.07999999999999999|\n",
      "+----+----+----+----+\n",
      " \n",
      "\n",
      "+----+----+----+----+\n",
      "|-0.07999999999999999|-0.07999999999999999|-0.07999999999999999|-0.07999999999999999|\n",
      "+----+----+----+----+\n",
      "|-0.07999999999999999|-0.07999999999999999|-0.07999999999999999|-0.07999999999999999|\n",
      "+----+----+----+----+\n",
      "|-0.07999999999999999|-0.07999999999999999|-0.07999999999999999|-0.07999999999999999|\n",
      "+----+----+----+----+\n",
      " \n",
      "\n",
      "+----+----+----+----+\n",
      "|-0.07999999999999999|-0.07999999999999999|-0.07999999999999999|-0.07999999999999999|\n",
      "+----+----+----+----+\n",
      "|-0.07999999999999999|-0.07999999999999999|-0.07999999999999999|-0.07999999999999999|\n",
      "+----+----+----+----+\n",
      "|-0.07999999999999999|-0.07999999999999999|-0.07999999999999999|-0.07999999999999999|\n",
      "+----+----+----+----+\n",
      " \n",
      "\n",
      "+----+----+----+----+\n",
      "|-0.07999999999999999|-0.07999999999999999|-0.07999999999999999|-0.07999999999999999|\n",
      "+----+----+----+----+\n",
      "|-0.07999999999999999|-0.07999999999999999|-0.07999999999999999|-0.07999999999999999|\n",
      "+----+----+----+----+\n",
      "|-0.07999999999999999|-0.07999999999999999|-0.07999999999999999|-0.07999999999999999|\n",
      "+----+----+----+----+\n",
      " \n",
      "\n",
      "+----+----+----+----+\n",
      "|-0.07999999999999999|-0.07999999999999999|-0.07999999999999999|-0.07999999999999999|\n",
      "+----+----+----+----+\n",
      "|-0.07999999999999999|-0.07999999999999999|-0.07999999999999999|-0.07999999999999999|\n",
      "+----+----+----+----+\n",
      "|-0.07999999999999999|-0.07999999999999999|-0.07999999999999999|-0.07999999999999999|\n",
      "+----+----+----+----+\n",
      " \n",
      "\n",
      "+----+----+----+----+\n",
      "|-0.07999999999999999|-0.07999999999999999|-0.07999999999999999|-0.07999999999999999|\n",
      "+----+----+----+----+\n",
      "|-0.07999999999999999|-0.07999999999999999|-0.07999999999999999|-0.07999999999999999|\n",
      "+----+----+----+----+\n",
      "|-0.07999999999999999|-0.07999999999999999|-0.07999999999999999|-0.07999999999999999|\n",
      "+----+----+----+----+\n",
      " \n",
      "\n",
      "+----+----+----+----+\n",
      "|-0.07999999999999999|-0.07999999999999999|-0.07999999999999999|-0.07999999999999999|\n",
      "+----+----+----+----+\n",
      "|-0.07999999999999999|-0.07999999999999999|-0.07999999999999999|-0.07999999999999999|\n",
      "+----+----+----+----+\n",
      "|-0.07999999999999999|-0.07999999999999999|-0.07999999999999999|-0.07999999999999999|\n",
      "+----+----+----+----+\n",
      " \n",
      "\n",
      "+----+----+----+----+\n",
      "|-0.07999999999999999|-0.07999999999999999|-0.07999999999999999|-0.07999999999999999|\n",
      "+----+----+----+----+\n",
      "|-0.07999999999999999|-0.07999999999999999|-0.07999999999999999|-0.07999999999999999|\n",
      "+----+----+----+----+\n",
      "|-0.07999999999999999|-0.07999999999999999|-0.07999999999999999|-0.07999999999999999|\n",
      "+----+----+----+----+\n",
      " \n",
      "\n",
      "+----+----+----+----+\n"
     ]
    },
    {
     "name": "stdout",
     "output_type": "stream",
     "text": [
      "|-0.07999999999999999|-0.07999999999999999|-0.07999999999999999|-0.07999999999999999|\n",
      "+----+----+----+----+\n",
      "|-0.07999999999999999|-0.07999999999999999|-0.07999999999999999|-0.07999999999999999|\n",
      "+----+----+----+----+\n",
